"pmean" "r" "q0.005" "q0.025" "q0.05" "q0.95" "q0.975" "q0.995"
"1" 0 0 0 0 0 0 0 0
"2" 2.905331e-06 0.0025 0 0 0 0 0 0
"3" 5.547718e-05 0.005 0 0 0 0 0 0
"4" 0.0003424888 0.0075 0 0 0 0 0 0.01570681
"5" 0.001068289 0.01 0 0 0 0.01428571 0.01530612 0.01734104
"6" 0.00254996 0.0125 0 0 0 0.015625 0.01666667 0.0303038
"7" 0.005223771 0.015 0 0 0 0.02061856 0.02941176 0.03758401
"8" 0.009482204 0.0175 0 0 0 0.03125 0.0382263 0.04964716
"9" 0.015562 0.02 0 0 0 0.04402696 0.04964539 0.06451613
"10" 0.02372328 0.0225 0 0 0 0.05803608 0.06451613 0.08076406
"11" 0.03449309 0.025 0 0 0 0.07352941 0.08294981 0.0993605
"12" 0.04797162 0.0275 0 0 0.01208981 0.09284627 0.10244782 0.12121582
"13" 0.06437778 0.03 0 0.01388729 0.01666252 0.11526732 0.12649651 0.14710557
"14" 0.08349812 0.0325 0.01155059 0.02539683 0.03157895 0.14076293 0.15224542 0.17311055
"15" 0.1047537 0.035 0.01745196 0.03830741 0.04734938 0.16666667 0.17739201 0.20016582
"16" 0.1287526 0.0375 0.03462088 0.05584141 0.06595267 0.19389518 0.20588282 0.22913193
"17" 0.154799 0.04 0.05313938 0.07444298 0.08695652 0.224445 0.23698148 0.26401396
"18" 0.1825809 0.0425 0.07314805 0.09751689 0.11111111 0.25574706 0.26942127 0.29731302
"19" 0.2116037 0.045 0.09470678 0.12175204 0.13602362 0.28741513 0.30099366 0.32848302
"20" 0.2414349 0.0475 0.11666577 0.14814715 0.16326355 0.31845539 0.33420262 0.35759147
"21" 0.2713212 0.05 0.14736801 0.17706054 0.19266881 0.34911147 0.36296867 0.39030806
"22" 0.3011659 0.0525 0.17409635 0.20664483 0.22186137 0.37883108 0.39174592 0.42279055
"23" 0.3302933 0.055 0.20018529 0.23269364 0.25027293 0.40738816 0.42207616 0.45220172
"24" 0.3583455 0.0575 0.22953962 0.26065764 0.27926957 0.43428269 0.44877843 0.47778185
"25" 0.3854389 0.06 0.26121069 0.29171257 0.30744678 0.46083955 0.47240326 0.49985275
"26" 0.4105442 0.0625 0.28826679 0.3172633 0.33347722 0.48295859 0.49655568 0.52196785
"27" 0.4342764 0.065 0.31552392 0.34409127 0.35908651 0.50506963 0.51570915 0.54008029
"28" 0.4557092 0.0675 0.34008075 0.36842374 0.38368193 0.52260572 0.5340572 0.55777726
"29" 0.4750679 0.07 0.36154251 0.38986839 0.40613934 0.53898274 0.54933747 0.57605624
"30" 0.4928172 0.0725 0.38555598 0.41403328 0.42683265 0.5551689 0.56605605 0.58666789
"31" 0.508226 0.075 0.40476857 0.43224292 0.44486608 0.56683151 0.57747522 0.59620469
"32" 0.5215689 0.0775 0.42230719 0.44976174 0.46148895 0.5775231 0.58783961 0.60674423
"33" 0.5331187 0.08 0.43714914 0.4651495 0.47685905 0.58612857 0.5954392 0.6145811
"34" 0.5428898 0.0825 0.45519204 0.47807742 0.48899605 0.59255248 0.60192596 0.62004524
"35" 0.5513478 0.085 0.4676497 0.49060585 0.50121853 0.59885837 0.60753624 0.62366561
"36" 0.558442 0.0875 0.47847659 0.50089637 0.5109347 0.60371131 0.61170005 0.62845738
"37" 0.5644413 0.09 0.48922294 0.50938487 0.51940335 0.60742602 0.61593551 0.63173984
"38" 0.5693492 0.0925 0.49891171 0.51846832 0.52692827 0.61004811 0.61851949 0.6344011
"39" 0.5731191 0.095 0.50738067 0.52512171 0.53310965 0.6128933 0.62002251 0.63504731
"40" 0.5761836 0.0975 0.51464536 0.53017537 0.53819139 0.61384483 0.62097368 0.63534755
"41" 0.578697 0.1 0.52045327 0.53475254 0.54245554 0.6144181 0.62158439 0.6367051
"42" 0.5804912 0.1025 0.52537241 0.53860945 0.54607559 0.61501093 0.62153601 0.63526618
"43" 0.5819463 0.105 0.52959277 0.54280462 0.5488801 0.61488628 0.62194167 0.63546551
"44" 0.5831915 0.1075 0.53256241 0.54563512 0.55175303 0.61502949 0.6210514 0.63555969
"45" 0.5840665 0.11 0.5368965 0.5479588 0.55325544 0.61460884 0.62101093 0.6345253
"46" 0.5847529 0.1125 0.53937764 0.55002581 0.55555574 0.61449871 0.62045151 0.63315535
"47" 0.585315 0.115 0.54178508 0.5517249 0.55676705 0.61402041 0.61934881 0.63234219
"48" 0.5856416 0.1175 0.54327198 0.55302339 0.55805521 0.613738 0.61881498 0.63111062
"49" 0.585986 0.12 0.54548137 0.55460014 0.55938666 0.61270915 0.61813315 0.63027179
"50" 0.5861774 0.1225 0.54736825 0.55612498 0.56079531 0.61219366 0.61756346 0.62838436
"51" 0.5862826 0.125 0.54867849 0.55745335 0.56166576 0.61189189 0.61690036 0.62735001
"52" 0.5863867 0.1275 0.55037025 0.55807137 0.56226031 0.61132693 0.61592493 0.62651989
"53" 0.586462 0.13 0.55073013 0.55876228 0.56319557 0.61060109 0.61531794 0.6252352
"54" 0.5865352 0.1325 0.55200954 0.55947071 0.56401532 0.60997928 0.61442155 0.62446593
"55" 0.5865855 0.135 0.55328212 0.56047493 0.5648181 0.60951478 0.61410819 0.62508827
"56" 0.586623 0.1375 0.55392592 0.56116847 0.56538751 0.60883245 0.61359729 0.62422094
"57" 0.586662 0.14 0.5549843 0.56179529 0.56594107 0.60858556 0.61300618 0.62309719
"58" 0.5866188 0.1425 0.55618636 0.56269755 0.56625697 0.60827456 0.61229341 0.62215714
"59" 0.5866687 0.145 0.55663198 0.56341627 0.56690129 0.60779156 0.6122028 0.62208303
"60" 0.5867026 0.1475 0.55771239 0.56407495 0.56739407 0.60737495 0.61164479 0.62088729
"61" 0.5866626 0.15 0.55829313 0.56477837 0.56782157 0.60687706 0.61133842 0.62005122
"62" 0.5866286 0.1525 0.55951672 0.56500607 0.56816668 0.60659928 0.61090114 0.61930343
"63" 0.586612 0.155 0.55960772 0.56541933 0.56871111 0.6062744 0.61026083 0.61944691
"64" 0.5866114 0.1575 0.56006729 0.56588997 0.56901825 0.60590043 0.60986556 0.61859406
"65" 0.5865981 0.16 0.5604669 0.56644089 0.56925293 0.60566368 0.60951767 0.61834231
"66" 0.5865884 0.1625 0.5614415 0.56675962 0.56946256 0.60514714 0.60908461 0.6174662
"67" 0.5866008 0.165 0.56161055 0.56712328 0.56995808 0.60470177 0.6087742 0.61690405
"68" 0.5865911 0.1675 0.56214268 0.56748146 0.57023097 0.60446252 0.60834609 0.615993
"69" 0.5865784 0.17 0.56258557 0.56797687 0.5706242 0.60421361 0.60812047 0.61601263
"70" 0.5865967 0.1725 0.56298447 0.56836261 0.57095024 0.60390783 0.60803359 0.61547672
"71" 0.5865809 0.175 0.56373611 0.5684999 0.5712013 0.60366715 0.6076763 0.61522848
"72" 0.5865933 0.1775 0.56400273 0.56884081 0.57157948 0.60310058 0.6072076 0.61415087
"73" 0.5865963 0.18 0.56496922 0.56907688 0.57183161 0.60302607 0.6067869 0.61413508
"74" 0.5865686 0.1825 0.56489809 0.56932338 0.57195655 0.60265545 0.6062794 0.61384906
"75" 0.5865678 0.185 0.56525817 0.56970666 0.5722713 0.60246144 0.60592095 0.61394357
"76" 0.5865831 0.1875 0.56565663 0.57015817 0.57259385 0.602246 0.60568381 0.61352803
"77" 0.5865693 0.19 0.56628135 0.57042886 0.57283061 0.60212224 0.60560337 0.61335947
"78" 0.5865723 0.1925 0.56670022 0.57055416 0.57298637 0.60185599 0.60539972 0.6132622
"79" 0.5865843 0.195 0.5672074 0.57075969 0.57325586 0.6016845 0.60505431 0.61299264
"80" 0.5865679 0.1975 0.56712715 0.57105569 0.57340582 0.60149023 0.60480748 0.61218218
"81" 0.5865557 0.2 0.56773148 0.5712634 0.57365969 0.60115747 0.60445607 0.61187051
"82" 0.5865688 0.2025 0.568124 0.5715885 0.57388622 0.60112044 0.60429646 0.61159548
"83" 0.5865586 0.205 0.56820995 0.57188565 0.57398567 0.60096081 0.60417416 0.61099824
"84" 0.5865523 0.2075 0.56824564 0.57213664 0.57402091 0.6007538 0.60374499 0.61093559
"85" 0.5865425 0.21 0.5685311 0.57247762 0.5743295 0.60051119 0.60361382 0.61067072
"86" 0.5865383 0.2125 0.56882746 0.57245837 0.57455474 0.60041736 0.60348194 0.61060934
"87" 0.5865313 0.215 0.56909139 0.57267098 0.57472623 0.60023614 0.60324 0.61014938
"88" 0.5865239 0.2175 0.56925983 0.57293201 0.57485116 0.6001525 0.60304226 0.609992
"89" 0.5865367 0.22 0.56953571 0.57322001 0.57500745 0.60001816 0.60296617 0.60924744
"90" 0.58654 0.2225 0.57008162 0.57342303 0.57520566 0.59989933 0.60271197 0.60901665
"91" 0.5865403 0.225 0.57035431 0.57355933 0.57547801 0.59971995 0.60255153 0.60911168
"92" 0.5865353 0.2275 0.57049189 0.5738491 0.57563034 0.59950743 0.60219761 0.60889168
"93" 0.5865382 0.23 0.57064701 0.57389661 0.57579274 0.59950371 0.60220345 0.60816895
"94" 0.586533 0.2325 0.57061197 0.57418784 0.57592667 0.59934204 0.60194813 0.60798087
"95" 0.5865446 0.235 0.57079179 0.57431396 0.57603261 0.59913595 0.60176424 0.60797462
"96" 0.5865524 0.2375 0.57121777 0.5743918 0.57620135 0.59904617 0.60169888 0.60762402
"97" 0.5865489 0.24 0.57147594 0.57460125 0.57635967 0.59897238 0.60156481 0.60699649
"98" 0.5865356 0.2425 0.57182761 0.57469897 0.57644328 0.59880419 0.60138026 0.60669761
"99" 0.5865397 0.245 0.57210426 0.57489542 0.57658538 0.59875938 0.60131242 0.60678354
"100" 0.586537 0.2475 0.57234123 0.57504102 0.57667297 0.59860028 0.60119323 0.60634259
"101" 0.5865413 0.25 0.57242888 0.57526375 0.57680671 0.59839087 0.60111353 0.6062567
"102" 0.5865449 0.2525 0.57255578 0.57541597 0.57690669 0.59823076 0.60094777 0.60590733
"103" 0.5865463 0.255 0.57272014 0.57553276 0.57702229 0.59805213 0.60068468 0.60560795
"104" 0.58654 0.2575 0.57293632 0.57563391 0.57705996 0.59794017 0.60047704 0.60537953
"105" 0.5865369 0.26 0.57312756 0.57579868 0.57720582 0.59776131 0.60025522 0.60516599
"106" 0.5865406 0.2625 0.57340042 0.57588617 0.57727302 0.59765834 0.60010154 0.60530999
"107" 0.586538 0.265 0.57343174 0.57601819 0.57743266 0.5975312 0.60006141 0.60493913
"108" 0.586535 0.2675 0.57354589 0.57612534 0.57752351 0.59741669 0.59991208 0.60468258
"109" 0.5865392 0.27 0.5737399 0.57632956 0.57764549 0.597352 0.59981991 0.60456204
"110" 0.5865331 0.2725 0.57400662 0.57642891 0.57777746 0.5971857 0.59971084 0.60452454
"111" 0.5865253 0.275 0.57402064 0.57646179 0.57777647 0.59705898 0.5996072 0.6043286
"112" 0.5865182 0.2775 0.57402699 0.57653731 0.57789749 0.59691155 0.59937989 0.60429217
"113" 0.5865202 0.28 0.57415583 0.57669146 0.5779338 0.59684407 0.59935292 0.60411891
"114" 0.5865134 0.2825 0.57430955 0.57677988 0.57797116 0.5967225 0.59919711 0.60383938
"115" 0.5865096 0.285 0.57448264 0.57692921 0.5781056 0.59663411 0.59908945 0.60382377
"116" 0.5865032 0.2875 0.57457024 0.57701094 0.57815723 0.59649809 0.59891718 0.6035219
"117" 0.5864995 0.29 0.57464007 0.57708571 0.57828433 0.5964946 0.59881777 0.603561
"118" 0.5864926 0.2925 0.57479164 0.57717608 0.57836594 0.59635104 0.59869985 0.60332632
"119" 0.5864904 0.295 0.57499608 0.57730687 0.57843356 0.59633499 0.59859199 0.60323815
"120" 0.586489 0.2975 0.57510251 0.57739079 0.5784891 0.5962934 0.59842808 0.60307572
"121" 0.5864895 0.3 0.57528096 0.57749185 0.57856458 0.59620386 0.59843203 0.60299502
"122" 0.5864876 0.3025 0.57534333 0.57755293 0.57867199 0.59613501 0.59835444 0.60298084
"123" 0.5864838 0.305 0.57546926 0.57769396 0.57869103 0.59607565 0.59830658 0.60296527
"124" 0.5864799 0.3075 0.5756549 0.57773434 0.57882551 0.59594042 0.5982186 0.60278194
"125" 0.5864845 0.31 0.57572315 0.5778045 0.57890151 0.59588289 0.59812093 0.60263821
"126" 0.5864881 0.3125 0.5759689 0.57789841 0.57897664 0.59581032 0.59802528 0.60255063
"127" 0.5864851 0.315 0.5760696 0.5779742 0.5790329 0.59577952 0.59789599 0.60243532
"128" 0.5864812 0.3175 0.57619398 0.57804603 0.57909082 0.59562598 0.5977985 0.60231506
"129" 0.586481 0.32 0.57619555 0.57812283 0.57918954 0.59560168 0.59763934 0.60230528
"130" 0.5864893 0.3225 0.5763151 0.57822571 0.57928677 0.59545544 0.59757559 0.6020664
"131" 0.5864895 0.325 0.57642025 0.57830419 0.57934652 0.59542842 0.59748202 0.60205036
"132" 0.5864895 0.3275 0.57657818 0.57830941 0.5794111 0.59535241 0.59740261 0.60199194
"133" 0.5864834 0.33 0.57661824 0.57838605 0.57946647 0.59532625 0.59739171 0.60194716
"134" 0.5864842 0.3325 0.57680155 0.57851328 0.5795453 0.59527433 0.59735866 0.60180966
"135" 0.5864842 0.335 0.5768794 0.57861442 0.57960199 0.59526294 0.5972639 0.60168773
"136" 0.5864989 0.3375 0.57693814 0.57871792 0.57971738 0.59516307 0.59721365 0.60176966
"137" 0.5865343 0.34 0.57703054 0.57880488 0.5797842 0.59517969 0.59711049 0.60176984
"138" 0.5866159 0.3425 0.57729749 0.578956 0.5799563 0.59520522 0.5971707 0.60185749
"139" 0.5867473 0.345 0.57750497 0.57917643 0.58012031 0.59524875 0.59725214 0.60197305
"140" 0.5869373 0.3475 0.57772061 0.57944684 0.58037534 0.59533115 0.59743776 0.60201924
"141" 0.5871989 0.35 0.57806328 0.57978263 0.58066072 0.59556235 0.59762661 0.6022725
"142" 0.5875405 0.3525 0.57849319 0.58019168 0.58106904 0.59580869 0.59797766 0.60272486
"143" 0.5879686 0.355 0.5791191 0.5807081 0.58154375 0.59620238 0.59828899 0.60309358
"144" 0.5884924 0.3575 0.57966472 0.58130792 0.58212635 0.5966805 0.59887192 0.60354031
"145" 0.5891149 0.36 0.58037644 0.58199894 0.58280339 0.59721038 0.59935609 0.60418041
"146" 0.5898437 0.3625 0.58128526 0.58282672 0.58363652 0.59785614 0.60000196 0.60486068
"147" 0.5906837 0.365 0.5822399 0.5837074 0.58454677 0.59860552 0.60073882 0.60545987
"148" 0.5916369 0.3675 0.58331159 0.58471323 0.5855688 0.59951367 0.60163666 0.60636849
"149" 0.5927051 0.37 0.58449776 0.58586597 0.58670782 0.60051926 0.60262187 0.60739638
"150" 0.5938919 0.3725 0.58585489 0.58716038 0.58796475 0.60163261 0.60381398 0.60849253
"151" 0.5952019 0.375 0.58730612 0.58857429 0.58931794 0.60295156 0.60493113 0.60959285
"152" 0.5966323 0.3775 0.58873478 0.59006369 0.59078614 0.60437628 0.60630279 0.61101224
"153" 0.5981867 0.38 0.59034302 0.5917222 0.59238177 0.60592702 0.60777772 0.61240001
"154" 0.5998628 0.3825 0.59217369 0.59341596 0.59414246 0.60753278 0.60939382 0.61402555
"155" 0.6016698 0.385 0.59388171 0.59529441 0.59598122 0.6092739 0.61111749 0.61577349
"156" 0.6036031 0.3875 0.59595011 0.59722629 0.59797216 0.61114152 0.61306875 0.61747627
"157" 0.6056682 0.39 0.59802602 0.59936364 0.60006588 0.6131345 0.61506409 0.61937483
"158" 0.6078608 0.3925 0.60024932 0.6015885 0.60233575 0.61526277 0.61719726 0.62129355
"159" 0.6101781 0.395 0.60275663 0.60398436 0.60466831 0.61745105 0.61947491 0.62354116
"160" 0.6126182 0.3975 0.60513269 0.60650173 0.6071594 0.61994063 0.62180084 0.62586905
"161" 0.6151862 0.4 0.60774998 0.60907813 0.60980742 0.62243636 0.62428807 0.62833903
"162" 0.6178755 0.4025 0.6104696 0.61178879 0.61250884 0.62505507 0.62688015 0.6308724
"163" 0.6206826 0.405 0.61330013 0.61464731 0.61537534 0.62774262 0.62968013 0.63352369
"164" 0.6236164 0.4075 0.61635284 0.61765806 0.61835928 0.63067771 0.63262508 0.63623685
"165" 0.6266681 0.41 0.61940966 0.62071966 0.6214509 0.63365874 0.63561556 0.63928278
"166" 0.6298333 0.4125 0.62267967 0.62392886 0.62464148 0.6367404 0.63868994 0.64255356
"167" 0.6331229 0.415 0.625984 0.62725045 0.62795728 0.63994687 0.64183397 0.64578067
"168" 0.6365199 0.4175 0.62932181 0.63074671 0.63140912 0.64326251 0.64504814 0.64907202
"169" 0.6400321 0.42 0.63287717 0.63430078 0.63497353 0.64671913 0.64855382 0.65240595
"170" 0.6436522 0.4225 0.63659582 0.63795982 0.63864389 0.65036379 0.65206468 0.65595758
"171" 0.6473806 0.425 0.6403954 0.64172401 0.64242132 0.65398313 0.65572822 0.65967928
"172" 0.6512179 0.4275 0.6442572 0.64562867 0.64622377 0.65774813 0.65955792 0.6633943
"173" 0.6551596 0.43 0.64827784 0.6495905 0.65026312 0.66166328 0.66351774 0.66718298
"174" 0.6592091 0.4325 0.65229417 0.6536645 0.65433404 0.6656932 0.66750096 0.671214
"175" 0.6633532 0.435 0.65654036 0.65784625 0.6585119 0.66978742 0.6715422 0.67540053
"176" 0.6675969 0.4375 0.6608409 0.66210624 0.66283612 0.67398941 0.67566371 0.67973059
"177" 0.6719406 0.44 0.66526583 0.66650599 0.66719795 0.67823426 0.68004678 0.68390422
"178" 0.6763809 0.4425 0.66978564 0.67098813 0.67169028 0.68261687 0.68439658 0.68818131
"179" 0.6809092 0.445 0.67440379 0.67553642 0.67620697 0.68709741 0.68890126 0.69261627
"180" 0.6855237 0.4475 0.67909109 0.68024185 0.68086522 0.69167527 0.69357223 0.69716988
"181" 0.6902305 0.45 0.68383245 0.68495966 0.68561298 0.69631917 0.69824876 0.70200559
"182" 0.6950147 0.4525 0.68865468 0.68979832 0.69047259 0.70105103 0.70287806 0.70675608
"183" 0.6998846 0.455 0.69350458 0.69472708 0.69536909 0.7058911 0.70767127 0.71150938
"184" 0.7048395 0.4575 0.69836174 0.69975021 0.70042542 0.71081531 0.71257104 0.71650143
"185" 0.7098655 0.46 0.70361489 0.70476943 0.70548327 0.71580787 0.7174912 0.72122037
"186" 0.7149708 0.4625 0.70877787 0.70992611 0.71061983 0.72086762 0.72250417 0.72645121
"187" 0.7201521 0.465 0.71400171 0.71523361 0.71587475 0.72600972 0.7276122 0.73163833
"188" 0.7254068 0.4675 0.71934347 0.7205037 0.72115859 0.73114942 0.73279455 0.73671679
"189" 0.7307398 0.47 0.72476415 0.72590947 0.7265078 0.7364097 0.7380405 0.74182386
"190" 0.7361424 0.4725 0.73030125 0.73130986 0.73195245 0.74179687 0.74342081 0.74714791
"191" 0.7416086 0.475 0.73566432 0.73687328 0.7374336 0.74722772 0.74878042 0.75263096
"192" 0.7471509 0.4775 0.74131573 0.74235422 0.74301574 0.75269411 0.75429728 0.75809673
"193" 0.7527643 0.48 0.74691712 0.74800074 0.74863204 0.75826176 0.75994216 0.763623
"194" 0.7584669 0.4825 0.75264711 0.75382533 0.75436509 0.76395609 0.76566036 0.76923143
"195" 0.7642444 0.485 0.75852132 0.75961175 0.76022389 0.76969329 0.7712629 0.77499091
"196" 0.7700984 0.4875 0.76441 0.76550527 0.76613155 0.77545444 0.77700082 0.7807467
"197" 0.7760377 0.49 0.77040703 0.7715229 0.77211283 0.78136211 0.78292129 0.7864935
"198" 0.7820706 0.4925 0.77640369 0.77754576 0.77813618 0.7872976 0.78882157 0.79226335
"199" 0.7881943 0.495 0.78265776 0.78373979 0.7842856 0.79332148 0.79486814 0.7983651
"200" 0.7944063 0.4975 0.7888905 0.78994252 0.79053253 0.79950617 0.80094303 0.80484352
"201" 0.8007067 0.5 0.79512072 0.79625381 0.79686591 0.80584744 0.80719008 0.81088269
