"pmean" "r" "q0.005" "q0.025" "q0.05" "q0.95" "q0.975" "q0.995"
"1" 1 0 1 1 1 1 1 1
"2" 1 0.0025 1 1 1 1 1 1
"3" 1 0.005 1 1 1 1 1 1
"4" 1 0.0075 1 1 1 1 1 1
"5" 1 0.01 1 1 1 1 1 1
"6" 1 0.0125 1 1 1 1 1 1
"7" 1 0.015 1 1 1 1 1 1
"8" 1 0.0175 1 1 1 1 1 1
"9" 1 0.02 1 1 1 1 1 1
"10" 1 0.0225 1 1 1 1 1 1
"11" 1 0.025 1 1 1 1 1 1
"12" 1 0.0275 1 1 1 1 1 1
"13" 1 0.03 1 1 1 1 1 1
"14" 1 0.0325 1 1 1 1 1 1
"15" 1 0.035 1 1 1 1 1 1
"16" 1 0.0375 1 1 1 1 1 1
"17" 1 0.04 1 1 1 1 1 1
"18" 1 0.0425 1 1 1 1 1 1
"19" 1 0.045 1 1 1 1 1 1
"20" 1 0.0475 1 1 1 1 1 1
"21" 1 0.05 1 1 1 1 1 1
"22" 1 0.0525 1 1 1 1 1 1
"23" 0.999964 0.055 1 1 1 1 1 1
"24" 0.99878857 0.0575 0.956628525 0.981473456 0.993657986 1 1 1
"25" 0.98931141 0.06 0.91169814 0.935644911 0.948388465 1 1 1
"26" 0.96532903 0.0625 0.858242828 0.890759746 0.905564439 1 1 1
"27" 0.93255567 0.065 0.811809071 0.843823341 0.861406282 0.9925551 1 1
"28" 0.89753889 0.0675 0.758183507 0.79746743 0.814686119 0.9662752 0.9770982 0.9927915
"29" 0.86234822 0.07 0.708014799 0.750802533 0.771888274 0.9420932 0.9529759 0.9740201
"30" 0.82632837 0.0725 0.657249827 0.704970746 0.726289158 0.9153501 0.9291113 0.9551177
"31" 0.79021722 0.075 0.611772404 0.657818225 0.681712542 0.8877525 0.9042483 0.9346794
"32" 0.75451803 0.0775 0.57121029 0.615329064 0.638403324 0.8611844 0.8775189 0.9104858
"33" 0.72227142 0.08 0.538305328 0.581157319 0.607322516 0.8327906 0.852254 0.8872253
"34" 0.69721881 0.0825 0.51339509 0.558474718 0.582833511 0.8083357 0.8275551 0.863535
"35" 0.6796519 0.085 0.501736386 0.540585202 0.565796866 0.7908374 0.8086427 0.843002
"36" 0.66547602 0.0875 0.482870564 0.524512736 0.54918794 0.7782354 0.7953912 0.8297222
"37" 0.65283624 0.09 0.468993891 0.511764829 0.534371472 0.7661367 0.786282 0.8198985
"38" 0.64049149 0.0925 0.448964786 0.497251065 0.521326269 0.7566184 0.7766871 0.8145802
"39" 0.6281453 0.095 0.432484913 0.485278272 0.507341472 0.7471254 0.7675248 0.8037955
"40" 0.61581673 0.0975 0.415858684 0.469953665 0.49269342 0.7371505 0.7593798 0.7967464
"41" 0.60336806 0.1 0.406225619 0.455368298 0.479903893 0.7266069 0.7496857 0.7873004
"42" 0.59113278 0.1025 0.391060325 0.441698378 0.466214098 0.7172862 0.7392342 0.7793587
"43" 0.57920726 0.105 0.381043544 0.428323244 0.451688598 0.7077595 0.7297187 0.7719275
"44" 0.56712399 0.1075 0.366823553 0.414929739 0.438845183 0.6984003 0.720443 0.7637178
"45" 0.55514305 0.11 0.35567478 0.400148083 0.424577157 0.6873281 0.7102005 0.7567577
"46" 0.54328019 0.1125 0.343414096 0.386876396 0.410868453 0.6781285 0.700134 0.7484043
"47" 0.53163928 0.115 0.328777494 0.373182956 0.399553015 0.6654281 0.6928695 0.7414514
"48" 0.52012373 0.1175 0.315450665 0.361512757 0.386098705 0.6571087 0.6838175 0.7266772
"49" 0.50891096 0.12 0.30581121 0.348544179 0.374539319 0.6482765 0.6725128 0.7244942
"50" 0.49766746 0.1225 0.296366698 0.336207379 0.361047827 0.6388168 0.6668377 0.7192232
"51" 0.48672039 0.125 0.283119102 0.325007151 0.349045875 0.6295497 0.6574582 0.7102174
"52" 0.47608103 0.1275 0.267312757 0.315244239 0.337414312 0.6197515 0.6485275 0.7009107
"53" 0.46573534 0.13 0.260914078 0.303724499 0.327677938 0.6112392 0.6402469 0.6969003
"54" 0.45541419 0.1325 0.250054753 0.293580645 0.316071965 0.6024387 0.632775 0.6889913
"55" 0.44559934 0.135 0.240521835 0.284449983 0.30693088 0.5955275 0.624944 0.6803824
"56" 0.43616745 0.1375 0.230520533 0.274188958 0.296287186 0.586013 0.6155662 0.674092
"57" 0.42713852 0.14 0.2198844 0.265275225 0.288359314 0.5770768 0.6083664 0.668235
"58" 0.41825185 0.1425 0.2114204 0.255188159 0.279052683 0.5699909 0.6009186 0.6582476
"59" 0.40969413 0.145 0.202694747 0.246992406 0.2703449 0.5648072 0.5927404 0.651765
"60" 0.40127593 0.1475 0.192240985 0.238976322 0.260485649 0.5572065 0.5865582 0.6449618
"61" 0.39309082 0.15 0.186700687 0.229436921 0.253063843 0.5491769 0.5814758 0.6419959
"62" 0.38546681 0.1525 0.18100663 0.223640548 0.246439057 0.5408326 0.5722208 0.6336286
"63" 0.37801319 0.155 0.175381674 0.214713985 0.23885301 0.533673 0.5663746 0.6292623
"64" 0.37053833 0.1575 0.165696656 0.208408526 0.229550222 0.5278118 0.5606591 0.6290245
"65" 0.36315926 0.16 0.158439329 0.20091831 0.221242494 0.5226497 0.5540057 0.6204304
"66" 0.35600469 0.1625 0.151469852 0.193089045 0.216384279 0.5148026 0.5478012 0.6134497
"67" 0.34895212 0.165 0.144242585 0.187819402 0.208617817 0.509297 0.5422311 0.6084255
"68" 0.34204159 0.1675 0.139902544 0.179886175 0.202061597 0.503192 0.535803 0.6050059
"69" 0.3353048 0.17 0.133581946 0.172856724 0.19583279 0.4960112 0.5301496 0.5965628
"70" 0.32874502 0.1725 0.125877509 0.167144211 0.188450846 0.4895843 0.5230017 0.5963094
"71" 0.32219553 0.175 0.121791417 0.160891721 0.183153727 0.4841211 0.5193475 0.5925409
"72" 0.31600587 0.1775 0.11713554 0.156436081 0.17531108 0.4783886 0.5132994 0.5871272
"73" 0.30989148 0.18 0.113460573 0.149774679 0.169967158 0.4735822 0.5077155 0.5832181
"74" 0.30412811 0.1825 0.110437844 0.143493766 0.164260839 0.467969 0.5029299 0.5836226
"75" 0.29829052 0.185 0.102712052 0.13686798 0.158592626 0.4622559 0.4991728 0.5793276
"76" 0.29273254 0.1875 0.102323964 0.133780883 0.152383125 0.4569288 0.4932445 0.5774086
"77" 0.28720702 0.19 0.095963544 0.128444271 0.146881381 0.4523455 0.4916026 0.5694085
"78" 0.28169288 0.1925 0.090318506 0.124386011 0.142131603 0.4480246 0.4883474 0.5674432
"79" 0.27631555 0.195 0.086266609 0.11895518 0.13779009 0.4445596 0.4801835 0.5624727
"80" 0.27109416 0.1975 0.082187464 0.115430169 0.133303666 0.4387626 0.4764598 0.5563743
"81" 0.26580354 0.2 0.076490593 0.11266628 0.128797433 0.4335158 0.4740426 0.5536742
"82" 0.26080346 0.2025 0.073582601 0.10689399 0.124126927 0.429606 0.4713011 0.551646
"83" 0.2558649 0.205 0.071411465 0.102721722 0.120347861 0.425024 0.4649912 0.5492315
"84" 0.25098816 0.2075 0.067506096 0.098608571 0.116632501 0.4203064 0.4575977 0.5475483
"85" 0.24632545 0.21 0.06250688 0.09475933 0.112560723 0.4161734 0.4557238 0.5402603
"86" 0.24182263 0.2125 0.060777994 0.091670253 0.108329216 0.4121858 0.4501478 0.5401889
"87" 0.23722245 0.215 0.056505566 0.087907629 0.104460406 0.4074815 0.4459664 0.5271409
"88" 0.23286842 0.2175 0.054706837 0.084149611 0.100906748 0.4026712 0.4416045 0.528381
"89" 0.22869104 0.22 0.051969347 0.081341188 0.098050026 0.3975988 0.4367861 0.5213466
"90" 0.22453235 0.2225 0.048210393 0.077502678 0.093937146 0.3925844 0.4333958 0.5189518
"91" 0.22024624 0.225 0.045036177 0.075086771 0.090334201 0.3880369 0.4286145 0.5220473
"92" 0.21624304 0.2275 0.044254843 0.071505826 0.086521222 0.3838601 0.4240183 0.5146739
"93" 0.21219398 0.23 0.042626445 0.067643677 0.083379607 0.3825736 0.4192858 0.5089313
"94" 0.20839097 0.2325 0.039119503 0.065566424 0.080856382 0.377794 0.4151304 0.5098349
"95" 0.20473967 0.235 0.036990148 0.061657543 0.078229708 0.375423 0.4131388 0.5055701
"96" 0.20093072 0.2375 0.033806544 0.05984074 0.074976844 0.3710795 0.4096517 0.5003612
"97" 0.1971976 0.24 0.033701925 0.056556025 0.071888505 0.3670511 0.4071501 0.498481
"98" 0.19367529 0.2425 0.030961071 0.054503257 0.069188523 0.3630516 0.4029202 0.4969614
"99" 0.19008483 0.245 0.028763578 0.051513131 0.066612478 0.3612551 0.4008893 0.4917413
"100" 0.18663323 0.2475 0.026182666 0.049584768 0.063923179 0.3552027 0.3975614 0.4878055
"101" 0.18341814 0.25 0.024890238 0.047274304 0.062086362 0.3520937 0.3914597 0.4874304
"102" 0.18008725 0.2525 0.024089326 0.045001043 0.059482995 0.3477394 0.3906283 0.4806814
"103" 0.17659887 0.255 0.023347941 0.043469364 0.055881479 0.3450653 0.3872533 0.4789167
"104" 0.17351196 0.2575 0.020760117 0.04116245 0.054575304 0.3415209 0.3841406 0.4730193
"105" 0.17048352 0.26 0.019957363 0.039401386 0.051099838 0.3374977 0.3805647 0.4742293
"106" 0.16750371 0.2625 0.016930368 0.037436676 0.049229187 0.3335976 0.3767393 0.4722205
"107" 0.1644851 0.265 0.015180223 0.035447365 0.048084683 0.3305009 0.3746543 0.4696384
"108" 0.16167025 0.2675 0.014315524 0.033028403 0.046094391 0.3265558 0.3718262 0.4673304
"109" 0.15881319 0.27 0.013744991 0.03172591 0.043999717 0.3251356 0.3678391 0.4627423
"110" 0.15590502 0.2725 0.012666287 0.030387867 0.0425522 0.3215495 0.3673371 0.4630212
"111" 0.15315787 0.275 0.01115226 0.029484067 0.040504921 0.3189521 0.3629535 0.4585105
"112" 0.1505198 0.2775 0.009997487 0.027935212 0.039031681 0.3167534 0.3591849 0.4554416
"113" 0.14775018 0.28 0.009090977 0.026187081 0.036794273 0.3124355 0.3551171 0.4498473
"114" 0.14505007 0.2825 0.008832299 0.024771468 0.035139278 0.3090961 0.3532652 0.4474283
"115" 0.14259336 0.285 0.008629179 0.023132655 0.033882736 0.3059092 0.3513664 0.4447292
"116" 0.14004375 0.2875 0.007256723 0.022059876 0.031928302 0.3026291 0.3461881 0.4390213
"117" 0.1375659 0.29 0.006628286 0.020356904 0.030765483 0.2997227 0.3439274 0.4448395
"118" 0.13518866 0.2925 0.006278684 0.019165242 0.028961694 0.2968446 0.340916 0.4424339
"119" 0.13279622 0.295 0.005146883 0.018488386 0.028071571 0.2935924 0.3395094 0.4372479
"120" 0.13046175 0.2975 0.00453498 0.017511289 0.026659116 0.2904236 0.3368344 0.4306249
"121" 0.12818975 0.3 0.004274536 0.016296427 0.025661565 0.2883622 0.3336425 0.4272887
"122" 0.12601995 0.3025 0.004133907 0.015600129 0.024118843 0.2859405 0.3302451 0.4235171
"123" 0.12385292 0.305 0.003744434 0.014299556 0.022684872 0.2838266 0.3277536 0.4208285
"124" 0.12167396 0.3075 0.002095269 0.013182872 0.021377707 0.2820623 0.3253061 0.4168599
"125" 0.11957505 0.31 0.0019238 0.012162957 0.020275256 0.277124 0.3230163 0.4131954
"126" 0.11758098 0.3125 0.001741601 0.011251616 0.018928895 0.2749929 0.3206576 0.4111171
"127" 0.11566622 0.315 0 0.010778273 0.017877582 0.2738262 0.3181764 0.4111178
"128" 0.11373016 0.3175 0 0.009885072 0.016833913 0.2713376 0.3164715 0.4086074
"129" 0.11184462 0.32 0 0.009303867 0.016195831 0.2699159 0.3163429 0.40649
"130" 0.10994673 0.3225 0 0.008820106 0.015439172 0.2676109 0.3123614 0.4057763
"131" 0.10793305 0.325 0 0.007889289 0.014986471 0.2632516 0.3121437 0.4009879
"132" 0.10595523 0.3275 0 0.007539858 0.014047962 0.2613874 0.3101095 0.4045831
"133" 0.10417328 0.33 0 0.006610975 0.013134784 0.2603606 0.3070475 0.4042293
"134" 0.10234529 0.3325 0 0.006076613 0.012201325 0.2574787 0.3054893 0.4027155
"135" 0.10054897 0.335 0 0.005812634 0.011526266 0.2535117 0.301332 0.3987357
"136" 0.09882347 0.3375 0 0.005506535 0.010656854 0.251595 0.2987992 0.3981603
"137" 0.09711142 0.34 0 0.00478774 0.010125983 0.249497 0.2970105 0.3950535
"138" 0.09549557 0.3425 0 0.003968744 0.00934049 0.247164 0.2940087 0.3970677
"139" 0.09386485 0.345 0 0.003613415 0.008575139 0.2454745 0.290883 0.3923124
"140" 0.09238647 0.3475 0 0.00334697 0.007792348 0.2424789 0.2899848 0.3889339
"141" 0.09090862 0.35 0 0.002270768 0.007091608 0.2402357 0.2876035 0.3889404
"142" 0.08928537 0.3525 0 0.002042728 0.006485607 0.2386275 0.2859409 0.3815345
"143" 0.08783207 0.355 0 0.001928413 0.006272402 0.2353539 0.2839783 0.3804683
"144" 0.08624185 0.3575 0 0.001834967 0.005758594 0.2335545 0.2836075 0.3789122
"145" 0.0848225 0.36 0 0.001765268 0.005441851 0.2312111 0.283136 0.3746796
"146" 0.08336334 0.3625 0 0.001708685 0.005077666 0.2286035 0.2799888 0.3799641
"147" 0.08203398 0.365 0 0.001526937 0.004649833 0.2273386 0.277543 0.3772078
"148" 0.08065251 0.3675 0 0 0.004019275 0.2238533 0.2761819 0.3725777
"149" 0.07908863 0.37 0 0 0.003695704 0.2226709 0.2748761 0.3720377
"150" 0.07775497 0.3725 0 0 0.003329048 0.2212681 0.2706697 0.3667261
"151" 0.07642733 0.375 0 0 0.002937243 0.2196387 0.267533 0.3627684
"152" 0.0751785 0.3775 0 0 0.002041067 0.2176462 0.2659676 0.3636486
"153" 0.07394723 0.38 0 0 0.001890098 0.2150624 0.2628689 0.3617972
"154" 0.07278008 0.3825 0 0 0.001770231 0.2144478 0.2616883 0.357547
"155" 0.07148557 0.385 0 0 0.001708933 0.2120323 0.2611895 0.3597181
"156" 0.07021653 0.3875 0 0 0.001587098 0.2093039 0.2600786 0.3599128
"157" 0.06903295 0.39 0 0 0.001499477 0.2085749 0.2574757 0.3550574
"158" 0.0679617 0.3925 0 0 0 0.2061371 0.2544943 0.3560269
"159" 0.06677968 0.395 0 0 0 0.2036703 0.2537963 0.3477697
"160" 0.06562662 0.3975 0 0 0 0.201943 0.2515469 0.3529945
"161" 0.0645019 0.4 0 0 0 0.2012388 0.2460159 0.3480824
"162" 0.06334576 0.4025 0 0 0 0.1981913 0.2454277 0.3405957
"163" 0.06228329 0.405 0 0 0 0.1973956 0.2420215 0.3458
"164" 0.06129261 0.4075 0 0 0 0.1960246 0.2411289 0.3400213
"165" 0.0603394 0.41 0 0 0 0.1943985 0.2402579 0.3391378
"166" 0.05936172 0.4125 0 0 0 0.1924405 0.2399281 0.3350391
"167" 0.05845158 0.415 0 0 0 0.1903333 0.2373212 0.3375991
"168" 0.05748279 0.4175 0 0 0 0.18871 0.2361714 0.3348718
"169" 0.0565627 0.42 0 0 0 0.1870997 0.2343549 0.3309578
"170" 0.055685 0.4225 0 0 0 0.185055 0.2323138 0.3284844
"171" 0.0547342 0.425 0 0 0 0.1846811 0.2300904 0.3258503
"172" 0.05381741 0.4275 0 0 0 0.1827642 0.2293046 0.326268
"173" 0.0528994 0.43 0 0 0 0.1789097 0.2290409 0.3227172
"174" 0.05204156 0.4325 0 0 0 0.178274 0.2261184 0.3212019
"175" 0.05114607 0.435 0 0 0 0.1765016 0.2229103 0.3162865
"176" 0.05024426 0.4375 0 0 0 0.1746629 0.2207236 0.3121852
"177" 0.04943079 0.44 0 0 0 0.1726479 0.2208641 0.3123268
"178" 0.04855573 0.4425 0 0 0 0.170722 0.2178599 0.3085258
"179" 0.04772002 0.445 0 0 0 0.1705997 0.2142517 0.307549
"180" 0.04694958 0.4475 0 0 0 0.1682625 0.2133486 0.3003466
"181" 0.04620528 0.45 0 0 0 0.166669 0.2126622 0.3007216
"182" 0.04544031 0.4525 0 0 0 0.1624246 0.2113179 0.3014505
"183" 0.04465532 0.455 0 0 0 0.1622275 0.2084573 0.3027436
"184" 0.04388068 0.4575 0 0 0 0.1603387 0.2070882 0.3031627
"185" 0.04311022 0.46 0 0 0 0.1588563 0.2034815 0.3011837
"186" 0.04240695 0.4625 0 0 0 0.1573472 0.2044454 0.2959237
"187" 0.04173793 0.465 0 0 0 0.1556577 0.203047 0.3015433
"188" 0.04101893 0.4675 0 0 0 0.1535622 0.2001385 0.2999641
"189" 0.04035249 0.47 0 0 0 0.1510484 0.1992363 0.2988959
"190" 0.039652 0.4725 0 0 0 0.1501768 0.1968931 0.2940098
"191" 0.03904469 0.475 0 0 0 0.1482304 0.1955286 0.288153
"192" 0.03844932 0.4775 0 0 0 0.1471693 0.1937794 0.2820419
"193" 0.03792878 0.48 0 0 0 0.1455121 0.1920251 0.2832467
"194" 0.03734521 0.4825 0 0 0 0.1440804 0.1895354 0.2872566
"195" 0.03675315 0.485 0 0 0 0.1425792 0.1887313 0.2845339
"196" 0.03612511 0.4875 0 0 0 0.1422025 0.1879087 0.2825343
"197" 0.03551581 0.49 0 0 0 0.1407437 0.1875572 0.2818721
"198" 0.03498387 0.4925 0 0 0 0.139886 0.1876898 0.2812075
"199" 0.03439302 0.495 0 0 0 0.1381604 0.1852841 0.2809216
"200" 0.03380445 0.4975 0 0 0 0.1384418 0.1830966 0.2799589
"201" 0.03323507 0.5 0 0 0 0.1356162 0.1812405 0.2763169
